county,url,link_text
Hoonah,https://library.municode.com/ak/hoonah/codes/code_of_ordinances?nodeId=16101,Code of Ordinances
Hoonah,https://library.municode.com/ak/hoonah/codes/code_of_ordinances?nodeId=HOMUCO2002,HOONAH MUNICIPAL CODE 2002
Hoonah,https://library.municode.com/ak/hoonah/codes/code_of_ordinances?nodeId=SUHITA,SUPPLEMENT HISTORY TABLE
Hoonah,https://library.municode.com/ak/hoonah/codes/code_of_ordinances?nodeId=TIT1GEPR,Title 1 - GENERAL PROVISIONS
Hoonah,https://library.municode.com/ak/hoonah/codes/code_of_ordinances?nodeId=TIT2EL,Title 2 - ELECTIONS
Hoonah,https://library.municode.com/ak/hoonah/codes/code_of_ordinances?nodeId=TIT3ADPE,Title 3 - ADMINISTRATION AND PERSONNEL
Hoonah,https://library.municode.com/ak/hoonah/codes/code_of_ordinances?nodeId=TIT4REFI,Title 4 - REVENUE AND FINANCE
Hoonah,https://library.municode.com/ak/hoonah/codes/code_of_ordinances?nodeId=TIT5BULIRE,Title 5 - BUSINESS LICENSES AND REGULATIONS
Hoonah,https://library.municode.com/ak/hoonah/codes/code_of_ordinances?nodeId=TIT6AN,Title 6 - ANIMALS
Hoonah,https://library.municode.com/ak/hoonah/codes/code_of_ordinances?nodeId=TIT8HESA,Title 8 - HEALTH AND SAFETY
Hoonah,https://library.municode.com/ak/hoonah/codes/code_of_ordinances?nodeId=TIT9PUPEMOWE,"Title 9 - PUBLIC PEACE, MORALS AND WELFARE"
Hoonah,https://library.municode.com/ak/hoonah/codes/code_of_ordinances?nodeId=TIT10VETR,Title 10 - VEHICLES AND TRAFFIC
Hoonah,https://library.municode.com/ak/hoonah/codes/code_of_ordinances?nodeId=TIT12HAPO,Title 12 - HARBORS AND PORTS
Hoonah,https://library.municode.com/ak/hoonah/codes/code_of_ordinances?nodeId=TIT13PUSE,Title 13 - PUBLIC SERVICES
Hoonah,https://library.municode.com/ak/hoonah/codes/code_of_ordinances?nodeId=TIT15BUCO,Title 15 - BUILDINGS AND CONSTRUCTION
Hoonah,https://library.municode.com/ak/hoonah/codes/code_of_ordinances?nodeId=TIT16PULA,Title 16 - PUBLIC LANDS
Hoonah,https://library.municode.com/ak/hoonah/codes/code_of_ordinances?nodeId=TIT17SU,Title 17 - SUBDIVISIONS
Hoonah,https://library.municode.com/ak/hoonah/codes/code_of_ordinances?nodeId=TIT18LAUS,Title 18 - LAND USE
Hoonah,https://library.municode.com/ak/hoonah/codes/code_of_ordinances?nodeId=STREALMU,STATUTORY REFERENCES FOR ALASKA MUNICIPALITIES
Hoonah,https://library.municode.com/ak/hoonah/codes/code_of_ordinances?nodeId=PRCOCRFETA,PRIOR CODE CROSS-REFERENCE TABLE
Hoonah,https://library.municode.com/ak/hoonah/codes/code_of_ordinances?nodeId=ORLIDITA,ORDINANCE LIST AND DISPOSITION TABLE
Hoonah,https://library.municode.com/ak/hoonah/codes/code_of_ordinances?nodeId=REDITA,RESOLUTION DISPOSITION TABLE
Hoonah,https://library.municode.com/ak/hoonah/codes/code_of_ordinances?nodeId=COCOTADILI,CODE COMPARATIVE TABLE AND DISPOSITION LIST
